20 20 20 20 20 20 20 20 20 20 20 20 20 20 20 20 
20 5F 5F 5F 3D 3D 3D 3D 2D 5F 20 20 5F 2D 3D 3D 
3D 3D 5F 5F 5F 20 20 20 20 20 20 20 20 20 20 20 
20 20 20 20 20 20 0D 0A 20 20 20 20 20 20 20 20 
20 20 20 5F 2D 2D 5E 5E 5E 23 23 23 23 23 2F 2F 
20 20 20 20 20 20 5C 5C 23 23 23 23 23 5E 5E 5E 
2D 2D 5F 20 20 20 20 20 20 20 20 20 20 20 0D 0A 
20 20 20 20 20 20 20 20 5F 2D 5E 23 23 23 23 23 
23 23 23 23 23 2F 2F 20 28 20 20 20 20 29 20 5C 
5C 23 23 23 23 23 23 23 23 23 23 5E 2D 5F 20 20 
20 20 20 20 20 20 0D 0A 20 20 20 20 20 20 20 2D 
23 23 23 23 23 23 23 23 23 23 23 23 2F 2F 20 20 
7C 5C 5E 5E 2F 7C 20 20 5C 5C 23 23 23 23 23 23 
23 23 23 23 23 23 2D 20 20 20 20 20 20 20 0D 0A 
20 20 20 20 20 5F 2F 23 23 23 23 23 23 23 23 23 
23 23 23 2F 2F 20 20 20 28 40 3A 3A 40 29 20 20 
20 5C 5C 23 23 23 23 23 23 23 23 23 23 23 23 5C 
5F 20 20 20 20 20 0D 0A 20 20 20 20 2F 23 23 23 
23 23 23 23 23 23 23 23 23 23 28 28 20 20 20 20 
20 5C 5C 2F 2F 20 20 20 20 20 29 29 23 23 23 23 
23 23 23 23 23 23 23 23 23 5C 20 20 20 20 0D 0A 
20 20 20 2D 23 23 23 23 23 23 23 23 23 23 23 23 
23 23 23 5C 5C 20 20 20 20 28 6F 6F 29 20 20 20 
20 2F 2F 23 23 23 23 23 23 23 23 23 23 23 23 23 
23 23 2D 20 20 20 0D 0A 20 20 2D 23 23 23 23 23 
23 23 23 23 23 23 23 23 23 23 23 23 5C 5C 20 20 
2F 20 56 56 20 5C 20 20 2F 2F 23 23 23 23 23 23 
23 23 23 23 23 23 23 23 23 23 23 2D 20 20 0D 0A 
20 2D 23 23 23 23 23 23 23 23 23 23 23 23 23 23 
23 23 23 23 23 5C 5C 2F 20 20 20 20 20 20 5C 2F 
2F 23 23 23 23 23 23 23 23 23 23 23 23 23 23 23 
23 23 23 23 2D 20 0D 0A 5F 23 2F 7C 23 23 23 23 
23 23 23 23 23 23 2F 5C 23 23 23 23 23 23 28 20 
20 20 2F 5C 20 20 20 29 23 23 23 23 23 23 2F 5C 
23 23 23 23 23 23 23 23 23 23 7C 5C 23 5F 0D 0A 
7C 2F 20 7C 23 2F 5C 23 2F 5C 23 2F 5C 2F 20 20 
5C 23 2F 5C 23 23 5C 20 20 7C 20 20 7C 20 20 2F 
23 23 2F 5C 23 2F 20 20 5C 2F 5C 23 2F 5C 23 2F 
5C 23 7C 20 5C 7C 0D 0A 20 20 20 7C 2F 20 20 56 
20 20 56 20 20 20 20 20 20 56 20 20 5C 23 5C 7C 
20 7C 20 20 7C 20 7C 2F 23 2F 20 20 56 20 20 20 
20 20 20 56 20 20 56 20 20 5C 7C 20 20 20 0D 0A 
20 20 20 20 20 20 20 20 20 20 20 20 20 20 20 20 
20 20 20 20 20 2F 20 7C 20 7C 20 20 7C 20 7C 20 
5C 20 20 20 20 20 20 20 20 20 20 20 20 20 20 20 
20 20 20 20 20 20 0D 0A 20 20 20 20 20 20 20 20 
20 20 20 20 20 20 20 20 20 20 20 20 28 20 20 7C 
20 7C 20 20 7C 20 7C 20 20 29 20 20 20 20 20 20 
20 20 20 20 20 20 20 20 20 20 20 20 20 20 0D 0A 
20 20 20 20 20 20 20 20 20 20 20 20 20 20 20 20 
20 20 20 5F 5F 5C 20 7C 20 7C 20 20 7C 20 7C 20 
2F 5F 5F 20 20 20 20 20 20 20 20 20 20 20 20 20 
20 20 20 20 20 20 0D 0A 20 20 20 20 20 20 20 20 
20 20 20 20 20 20 20 20 20 20 28 76 76 76 28 56 
56 56 29 28 56 56 56 29 76 76 76 29 20 20 20 20 
20 20 20 20 20 20 20 20 20 20 20 20 20 20
